%% Shoulder
AB1   = 0.10781; % [m]
B1P   = AB1;     % [m]
AO   = 0.05787;  % [m]
QS   = 0.3095;   % [m]
B1B2 = 0.2066;   % [m]
B2B3 = 0.1942;   % [m]
B3B1 = 0.1465;   % [m]
B3C1 = 0.10268;  % [m]
B2C2 = 0.104885; % [m]
C1O  = 0.09699;  % [m]
C2O  = 0.244243; % [m]
QO   = 0.5209;   % [m]

%% Elbow
AB_1 = 0.10781; % [m] 
BP_1 = 0.10781; % [m]
CB_1 = 0.10781; % [m]
OC_1 = 0.08982; % [m]
AO_1 = 0.05787; % [m] 
QS_1 = 0.3095;  % [m]